41
1 3
3 7
16 4
8 6
14 9

42
1 7
5 1
3 5
7 3
9 8

43
1 2
17 5
9 7
11 4
13 3

44
1 9
13 7
15 5
12 6
2 1

45
1 2
4 1
9 7
3 8
14 5

46
1 4
14 6
13 3
12 9
8 2

47
1 1
17 5
10 4
12 9
11 6

48
1 5
10 7
19 6
7 1
13 2

49
1 9
9 1
13 8
10 6
15 4

50
1 3
11 7
14 8
9 5
2 2

51
12 4
20 3
6 8
1 1
18 2

52
1 6
13 2
17 5
18 1
20 4

53
1 3
19 5
12 9
5 6
15 2

54
13 5
20 1
1 4
8 8
3 2

55
1 1
3 6
5 2
16 8
11 3

56
1 1
9 7
19 4
5 9
13 6

57
1 7
9 3
10 1
11 6
7 8

58
1 5
2 3
17 8
20 1
15 2

59
1 1
2 5
4 8
16 6
5 3

60
1 9
4 4
8 2
14 6
11 8

