161
1 1
8 9
18 8
5 3
2 4

162
15 9
13 4
1 2
14 8
19 1

163
11 6
9 2
1 1
8 9
5 5

164
1 5
8 1
15 7
13 3
19 2

165
1 5
18 6
14 3
12 1
13 4

166
1 2
14 3
4 1
19 5
6 4

167
1 4
2 6
8 3
3 2
18 1

168
1 6
16 5
12 4
2 2
9 7

169
1 2
20 4
14 7
8 8
15 9

170
1 1
4 7
13 4
19 8
16 9

171
1 5
5 3
3 4
19 1
18 2

172
18 4
1 9
7 5
13 8
3 3

173
13 4
19 8
20 7
1 3
2 9

174
1 2
17 9
3 3
7 5
19 1

175
1 3
8 4
11 5
9 9
19 6

176
1 9
7 4
6 3
5 2
14 6

177
8 1
11 4
2 2
5 5
1 6

178
1 6
6 7
5 1
16 4
18 9

179
1 7
15 2
16 5
17 9
9 4

180
1 9
12 3
4 2
5 5
14 7

