21
1 1
4 9
14 2
17 7
3 3

22
1 4
10 5
12 9
2 3
15 1

23
3 9
5 5
1 8
17 7
18 1

24
1 6
20 5
17 9
12 3
8 8

25
1 7
17 9
10 1
6 5
13 8

26
1 5
8 6
17 7
3 1
7 8

27
1 2
8 1
2 8
17 9
16 4

28
3 6
1 8
19 5
11 2
20 9

29
17 5
8 9
11 4
14 7
1 8

30
1 4
15 9
2 1
18 8
8 7

31
1 6
19 7
10 2
4 1
5 9

32
11 4
17 2
10 9
1 7
19 8

33
1 8
17 4
8 1
5 9
15 2

34
1 5
7 6
5 2
12 1
19 8

35
1 3
20 6
11 4
7 2
9 7

36
1 6
18 1
17 4
20 2
13 8

37
1 5
7 1
17 7
3 3
16 6

38
1 9
5 8
3 5
6 3
19 7

39
1 9
7 3
20 7
4 6
8 8

40
8 1
14 5
1 3
13 7
10 9

