1
1 1
13 4
2 8
19 5
10 2

2
7 3
15 5
1 7
5 1
2 9

3
1 2
11 1
18 9
7 7
16 6

4
1 8
4 4
15 7
5 2
6 5

5
18 6
1 4
16 7
17 2
8 5

6
1 2
12 9
5 3
4 4
11 5

7
1 4
9 7
20 2
10 5
19 6

8
1 7
3 4
16 9
11 3
7 8

9
2 2
5 3
18 6
1 9
7 8

10
1 7
12 9
4 3
11 6
18 5

11
1 5
3 2
12 9
14 6
18 1

12
1 4
9 3
11 9
4 8
8 1

13
1 4
2 3
20 8
8 9
19 7

14
18 3
2 9
1 8
9 2
13 7

15
1 8
5 7
15 2
8 1
10 5

16
1 1
11 3
16 9
8 6
3 2

17
1 3
12 1
9 4
3 8
8 7

18
8 6
5 1
20 9
1 3
18 7

19
1 9
14 4
18 1
12 6
4 5

20
4 5
2 2
1 4
10 7
9 1

