101
1 7
18 8
17 6
2 5
5 1

102
1 5
17 1
8 2
16 7
12 9

103
1 1
6 6
16 9
5 2
19 3

104
1 5
3 2
16 4
6 1
18 3

105
1 3
12 5
9 6
11 9
7 4

106
1 8
10 2
13 5
2 3
7 7

107
1 1
7 2
6 5
12 6
19 7

108
1 2
2 5
16 8
18 9
13 7

109
1 5
9 4
4 8
17 1
12 9

110
1 9
16 1
9 8
7 4
6 5

111
1 1
15 8
2 6
3 4
5 9

112
7 8
1 9
20 7
4 6
11 2

113
17 9
6 7
1 1
9 8
14 6

114
11 2
13 7
2 6
3 3
1 5

115
1 8
15 5
10 7
16 3
6 2

116
1 7
17 5
3 4
5 3
4 1

117
1 5
20 2
13 3
19 7
9 4

118
1 5
15 9
16 7
17 6
4 4

119
1 7
17 1
16 3
14 4
5 8

120
3 3
4 1
8 9
5 2
1 5

