181
1 7
10 9
5 8
12 1
14 3

182
1 9
6 8
11 1
16 3
14 7

183
1 7
4 9
5 3
12 8
2 2

184
19 2
7 9
14 3
4 4
1 1

185
1 9
10 6
11 8
15 4
20 7

186
11 7
1 1
17 4
2 8
16 5

187
1 4
20 8
15 9
12 1
2 6

188
1 8
20 9
12 4
15 5
14 7

189
8 4
17 7
1 6
2 1
7 3

190
1 9
2 7
4 3
6 5
3 8

191
1 5
18 9
4 6
15 8
16 4

192
1 6
11 8
14 4
2 5
4 3

193
1 7
7 8
18 2
14 9
10 4

194
1 2
11 9
17 3
3 5
12 1

195
1 6
16 4
4 2
6 1
7 7

196
1 4
18 9
16 6
3 7
9 3

197
1 6
7 7
8 3
20 9
12 2

198
1 2
14 1
11 4
12 8
19 7

199
8 4
19 3
3 8
1 2
14 7

200
1 8
15 4
13 5
11 9
12 3

