141
1 9
17 3
14 8
19 4
7 6

142
1 1
13 5
20 7
5 2
10 8

143
1 6
5 2
3 4
9 1
10 8

144
1 5
6 1
9 3
7 8
19 2

145
1 9
9 4
16 7
11 5
6 2

146
1 5
12 6
7 3
15 2
2 8

147
1 3
13 7
9 9
12 5
7 6

148
8 8
18 5
12 9
1 2
7 6

149
1 9
19 7
7 2
2 6
9 8

150
1 1
9 2
4 6
5 5
17 3

151
1 6
15 4
19 9
6 1
10 3

152
1 1
6 4
12 3
11 7
2 6

153
1 6
6 7
10 9
8 1
2 3

154
1 9
16 4
20 6
13 7
17 5

155
1 6
12 9
7 2
18 3
9 1

156
1 4
17 1
5 9
20 8
15 5

157
20 1
1 3
12 5
7 8
6 2

158
1 9
14 7
10 5
9 1
12 8

159
1 5
13 4
2 1
6 3
10 6

160
1 2
8 1
6 4
18 3
14 6

