61
1 2
3 4
4 1
6 8
9 6

62
6 5
17 9
12 1
3 2
1 7

63
7 9
10 5
20 8
13 3
1 4

64
1 3
2 6
8 4
10 7
9 1

65
1 3
15 6
9 5
20 1
4 2

66
1 9
12 5
13 7
9 8
10 3

67
1 2
16 5
2 6
6 1
15 4

68
1 6
11 1
7 4
10 3
18 7

69
1 9
18 2
16 7
19 1
15 5

70
1 1
3 4
15 2
10 5
16 3

71
1 7
17 3
3 2
19 9
12 1

72
1 9
12 7
9 4
19 5
4 6

73
1 3
10 5
19 6
3 7
12 4

74
1 7
16 5
6 3
13 6
14 4

75
1 1
3 4
6 3
18 9
14 8

76
13 3
6 9
9 6
1 1
7 2

77
1 4
19 2
2 9
5 3
11 7

78
1 3
15 7
16 5
10 6
19 9

79
1 1
5 3
20 5
13 2
4 4

80
1 1
18 4
17 7
15 3
8 2

