81
17 1
7 7
15 6
1 9
19 4

82
1 1
13 4
19 9
10 6
4 5

83
1 3
11 5
16 8
9 9
8 4

84
1 8
7 7
13 1
15 5
12 9

85
1 9
17 6
10 8
9 4
16 3

86
1 8
15 7
6 3
18 5
14 9

87
1 8
14 9
13 7
2 5
19 4

88
1 3
7 2
8 4
17 5
16 8

89
1 1
10 3
14 5
12 8
9 2

90
1 7
5 8
17 9
14 4
16 2

91
1 5
20 1
7 4
11 6
4 8

92
1 6
9 4
19 3
4 5
12 9

93
1 6
16 5
2 1
19 3
4 7

94
1 6
12 4
8 5
19 3
17 8

95
1 5
5 4
4 2
13 9
12 1

96
1 2
15 7
18 3
3 4
19 5

97
1 7
5 9
10 3
7 8
6 4

98
1 3
20 2
11 7
6 5
18 6

99
3 2
18 8
14 5
1 1
13 7

100
1 7
14 4
7 8
5 3
3 9

