121
1 8
19 9
15 4
2 7
14 3

122
1 8
17 3
9 1
7 4
10 2

123
16 4
10 8
13 6
1 7
7 1

124
1 9
14 1
15 4
6 8
20 6

125
1 3
18 4
14 9
10 2
6 1

126
1 8
15 9
4 5
7 7
10 4

127
1 5
20 9
18 1
17 7
10 8

128
1 8
20 5
6 4
11 1
2 9

129
1 2
14 1
4 5
10 3
2 7

130
1 9
19 2
5 8
12 1
4 6

131
20 7
1 8
18 4
14 2
8 5

132
1 6
9 9
17 8
18 2
8 1

133
18 5
11 2
1 3
6 4
17 9

134
1 7
17 9
6 1
13 2
18 6

135
5 2
17 1
20 4
3 5
1 3

136
1 4
20 8
19 5
13 2
14 1

137
8 5
7 6
12 3
10 8
1 9

138
1 7
6 5
8 8
13 1
5 2

139
1 4
10 6
6 5
8 2
13 9

140
1 7
18 3
14 4
8 5
10 9

